{
  "scene": "/app/scenes/ConferenceHall.ply",
  "resolution": [
    1280,
    720
  ],
  "fps": 60,
  "seconds": 60.0,
  "fov_deg": 75.0,
  "frames": [
    {
      "index": 0,
      "eye": [
        28.0,
        -1.4344239234924316,
        30.0
      ],
      "center": [
        24.437461853027344,
        -1.4344239234924316,
        26.840259552001953
      ],
      "view": [
        [
          0.6635469794273376,
          0.0,
          -0.7481346726417542,
          3.864725112915039
        ],
        [
          0.0,
          1.0000001192092896,
          0.0,
          1.4344240427017212
        ],
        [
          -0.7481346726417542,
          0.0,
          -0.6635469794273376,
          40.85417938232422
        ],
        [
          0.0,
          0.0,
          0.0,
          1.0
        ]
      ]
    },
    {
      "index": 1,
      "eye": [
        27.979341506958008,
        -1.4344239234924316,
        29.984407424926758
      ],
      "center": [
        24.417255401611328,
        -1.4344239234924316,
        26.823171615600586
      ],
      "view": [
        [
          0.6637697815895081,
          0.0,
          -0.7479369640350342,
          3.854604721069336
        ],
        [
          0.0,
          1.0,
          0.0,
          1.4344239234924316
        ],
        [
          -0.7479369640350342,
          0.0,
          -0.6637697815895081,
          40.82952880859375
        ],
        [
          0.0,
          0.0,
          0.0,
          1.0
        ]
      ]
    },
    {
      "index": 2,
      "eye": [
        27.95831871032715,
        -1.4344239234924316,
        29.968347549438477
      ],
      "center": [
        24.39702606201172,
        -1.4344239234924316,
        26.806087493896484
      ],
      "view": [
        [
          0.6639727354049683,
          0.0,
          -0.7477567791938782,
          3.8454742431640625
        ],
        [
          0.0,
          1.0,
          0.0,
          1.4344239234924316
        ],
        [
          -0.7477567791938782,
          0.0,
          -0.6639727354049683,
          40.8041877746582
        ],
        [
          0.0,
          0.0,
          0.0,
          1.0
        ]
      ]
    },
    {
      "index": 3,
      "eye": [
        27.936935424804688,
        -1.4344239234924316,
        29.951828002929688
      ],
      "center": [
        24.37677574157715,
        -1.4344239234924316,
        26.789011001586914
      ],
      "view": [
        [
          0.6641562581062317,
          0.0,
          -0.7475937604904175,
          3.837308883666992
        ],
        [
          0.0,
          1.0,
          0.0,
          1.4344239234924316
        ],
        [
          -0.7475937604904175,
          0.0,
          -0.6641562581062317,
          40.778175354003906
        ],
        [
          0.0,
          0.0,
          0.0,
          1.0
        ]
      ]
    },
    {
      "index": 4,
      "eye": [
        27.916458129882812,
        -1.4344239234924316,
        29.935848236083984
      ],
      "center": [
        24.35650062561035,
        -1.4344239234924316,
        26.77193832397461
      ],
      "view": [
        [
          0.6643056273460388,
          0.0,
          -0.7474611401557922,
          3.830821990966797
        ],
        [
          0.0,
          1.0,
          0.0,
          1.4344239234924316
        ],
        [
          -0.7474610805511475,
          0.0,
          -0.664305567741394,
          40.75301742553711
        ],
        [
          0.0,
          0.0,
          0.0,
          1.0
        ]
      ]
    },
    {
      "index": 5,
      "eye": [
        27.895736694335938,
        -1.4344239234924316,
        29.919519424438477
      ],
      "center": [
        24.336246490478516,
        -1.4344239234924316,
        26.75490951538086
      ],
      "view": [
        [
          0.664436399936676,
          0.0,
          -0.7473448514938354,
          3.82525634765625
        ],
        [
          0.0,
          1.0,
          0.0,
          1.4344239234924316
        ],
        [
          -0.7473448514938354,
          0.0,
          -0.664436399936676,
          40.727352142333984
        ],
        [
          0.0,
          0.0,
          0.0,
          1.0
        ]
      ]
    },
    {
      "index": 6,
      "eye": [
        27.87470245361328,
        -1.4344239234924316,
        29.902795791625977
      ],
      "center": [
        24.315998077392578,
        -1.4344239234924316,
        26.7379093170166
      ],
      "view": [
        [
          0.66455078125,
          0.0,
          -0.7472431659698486,
          3.820505142211914
        ],
        [
          0.0,
          1.0000001192092896,
          0.0,
          1.4344240427017212
        ],
        [
          -0.7472431659698486,
          0.0,
          -0.66455078125,
          40.701107025146484
        ],
        [
          0.0,
          0.0,
          0.0,
          1.0
        ]
      ]
    },
    {
      "index": 7,
      "eye": [
        27.854198455810547,
        -1.4344239234924316,
        29.88636016845703
      ],
      "center": [
        24.295726776123047,
        -1.4344239234924316,
        26.720916748046875
      ],
      "view": [
        [
          0.6646403074264526,
          0.0,
          -0.7471634745597839,
          3.8169727325439453
        ],
        [
          0.0,
          1.0,
          0.0,
          1.4344239234924316
        ],
        [
          -0.7471634745597839,
          0.0,
          -0.6646403074264526,
          40.67531967163086
        ],
        [
          0.0,
          0.0,
          0.0,
          1.0
        ]
      ]
    },
    {
      "index": 8,
      "eye": [
        27.833782196044922,
        -1.4344239234924316,
        29.869871139526367
      ],
      "center": [
        24.275432586669922,
        -1.4344239234924316,
        26.703929901123047
      ],
      "view": [
        [
          0.6647114157676697,
          0.0,
          -0.747100293636322,
          3.8143577575683594
        ],
        [
          0.0,
          1.0000001192092896,
          0.0,
          1.4344240427017212
        ],
        [
          -0.747100293636322,
          0.0,
          -0.6647114157676697,
          40.649471282958984
        ],
        [
          0.0,
          0.0,
          0.0,
          1.0
        ]
      ]
    },
    {
      "index": 9,
      "eye": [
        27.813093185424805,
        -1.4344239234924316,
        29.853038787841797
      ],
      "center": [
        24.255117416381836,
        -1.4344239234924316,
        26.68695068359375
      ],
      "view": [
        [
          0.6647676229476929,
          0.0,
          -0.7470502853393555,
          3.8124771118164062
        ],
        [
          0.0,
          1.0000001192092896,
          0.0,
          1.4344240427017212
        ],
        [
          -0.7470502853393555,
          0.0,
          -0.6647676229476929,
          40.623111724853516
        ],
        [
          0.0,
          0.0,
          0.0,
          1.0
        ]
      ]
    },
    {
      "index": 10,
      "eye": [
        27.792407989501953,
        -1.4344239234924316,
        29.836095809936523
      ],
      "center": [
        24.234779357910156,
        -1.4344239234924316,
        26.669979095458984
      ],
      "view": [
        [
          0.664807140827179,
          0.0,
          -0.747015118598938,
          3.8114242553710938
        ],
        [
          0.0,
          1.0000001192092896,
          0.0,
          1.4344240427017212
        ],
        [
          -0.747015118598938,
          0.0,
          -0.664807140827179,
          40.596595764160156
        ],
        [
          0.0,
          0.0,
          0.0,
          1.0
        ]
      ]
    },
    {
      "index": 11,
      "eye": [
        27.772293090820312,
        -1.4344239234924316,
        29.81951332092285
      ],
      "center": [
        24.214418411254883,
        -1.4344239234924316,
        26.653017044067383
      ],
      "view": [
        [
          0.664825975894928,
          0.0,
          -0.7469983100891113,
          3.8113842010498047
        ],
        [
          0.0,
          1.0,
          0.0,
          1.4344239234924316
        ],
        [
          -0.7469983100891113,
          0.0,
          -0.664825975894928,
          40.570640563964844
        ],
        [
          0.0,
          0.0,
          0.0,
          1.0
        ]
      ]
    },
    {
      "index": 12,
      "eye": [
        27.751935958862305,
        -1.4344239234924316,
        29.802635192871094
      ],
      "center": [
        24.194080352783203,
        -1.4344239234924316,
        26.636096954345703
      ],
      "view": [
        [
          0.6648328304290771,
          0.0,
          -0.7469921708106995,
          3.8119373321533203
        ],
        [
          0.0,
          1.0,
          0.0,
          1.4344239234924316
        ],
        [
          -0.7469921708106995,
          0.0,
          -0.6648328304290771,
          40.54425048828125
        ],
        [
          0.0,
          0.0,
          0.0,
          1.0
        ]
      ]
    },
    {
      "index": 13,
      "eye": [
        27.73133659362793,
        -1.4344239234924316,
        29.78546142578125
      ],
      "center": [
        24.173734664916992,
        -1.4344239234924316,
        26.61920166015625
      ],
      "view": [
        [
          0.6648266911506653,
          0.0,
          -0.7469976544380188,
          3.8131370544433594
        ],
        [
          0.0,
          1.0,
          0.0,
          1.4344239234924316
        ],
        [
          -0.7469976544380188,
          0.0,
          -0.6648266911506653,
          40.51741409301758
        ],
        [
          0.0,
          0.0,
          0.0,
          1.0
        ]
      ]
    },
    {
      "index": 14,
      "eye": [
        27.711124420166016,
        -1.4344239234924316,
        29.76852035522461
      ],
      "center": [
        24.153369903564453,
        -1.4344239234924316,
        26.602312088012695
      ],
      "view": [
        [
          0.6648047566413879,
          0.0,
          -0.7470172047615051,
          3.8151092529296875
        ],
        [
          0.0,
          1.0000001192092896,
          0.0,
          1.4344240427017212
        ],
        [
          -0.7470172047615051,
          0.0,
          -0.6648047566413879,
          40.490943908691406
        ],
        [
          0.0,
          0.0,
          0.0,
          1.0
        ]
      ]
    },
    {
      "index": 15,
      "eye": [
        27.691082000732422,
        -1.4344239234924316,
        29.751638412475586
      ],
      "center": [
        24.132984161376953,
        -1.4344239234924316,
        26.585433959960938
      ],
      "view": [
        [
          0.6647684574127197,
          0.0,
          -0.7470494508743286,
          3.8177871704101562
        ],
        [
          0.0,
          1.0,
          0.0,
          1.4344239234924316
        ],
        [
          -0.7470494508743286,
          0.0,
          -0.6647684574127197,
          40.46455764770508
        ],
        [
          0.0,
          0.0,
          0.0,
          1.0
        ]
      ]
    },
    {
      "index": 16,
      "eye": [
        27.670825958251953,
        -1.4344239234924316,
        29.734493255615234
      ],
      "center": [
        24.11257553100586,
        -1.4344239234924316,
        26.568567276000977
      ],
      "view": [
        [
          0.6647199392318726,
          0.0,
          -0.747092604637146,
          3.8210697174072266
        ],
        [
          0.0,
          1.0,
          0.0,
          1.4344239234924316
        ],
        [
          -0.747092604637146,
          0.0,
          -0.6647199392318726,
          40.437782287597656
        ],
        [
          0.0,
          0.0,
          0.0,
          1.0
        ]
      ]
    },
    {
      "index": 17,
      "eye": [
        27.65035629272461,
        -1.4344239234924316,
        29.717092514038086
      ],
      "center": [
        24.092147827148438,
        -1.4344239234924316,
        26.55171012878418
      ],
      "view": [
        [
          0.664660632610321,
          0.0,
          -0.7471454739570618,
          3.824888229370117
        ],
        [
          0.0,
          1.0000001192092896,
          0.0,
          1.4344240427017212
        ],
        [
          -0.7471454739570618,
          0.0,
          -0.664660632610321,
          40.410621643066406
        ],
        [
          0.0,
          0.0,
          0.0,
          1.0
        ]
      ]
    },
    {
      "index": 18,
      "eye": [
        27.630420684814453,
        -1.4344239234924316,
        29.7000732421875
      ],
      "center": [
        24.071701049804688,
        -1.4344239234924316,
        26.534862518310547
      ],
      "view": [
        [
          0.6645871996879578,
          0.0,
          -0.7472107410430908,
          3.8293895721435547
        ],
        [
          0.0,
          1.0,
          0.0,
          1.4344239234924316
        ],
        [
          -0.7472107410430908,
          0.0,
          -0.6645871996879578,
          40.384033203125
        ],
        [
          0.0,
          0.0,
          0.0,
          1.0
        ]
      ]
    },
    {
      "index": 19,
      "eye": [
        27.610477447509766,
        -1.4344239234924316,
        29.682981491088867
      ],
      "center": [
        24.05126953125,
        -1.4344239234924316,
        26.51805877685547
      ],
      "view": [
        [
          0.6645025014877319,
          0.0,
          -0.7472860217094421,
          3.8344459533691406
        ],
        [
          0.0,
          1.0,
          0.0,
          1.4344239234924316
        ],
        [
          -0.7472860217094421,
          0.0,
          -0.6645025014877319,
          40.357337951660156
        ],
        [
          0.0,
          0.0,
          0.0,
          1.0
        ]
      ]
    },
    {
      "index": 20,
      "eye": [
        27.59034538269043,
        -1.4344239234924316,
        29.66566276550293
      ],
      "center": [
        24.030826568603516,
        -1.4344239234924316,
        26.501270294189453
      ],
      "view": [
        [
          0.6644079089164734,
          0.0,
          -0.7473701238632202,
          3.839986801147461
        ],
        [
          0.0,
          0.9999998807907104,
          0.0,
          1.434423804283142
        ],
        [
          -0.7473700642585754,
          0.0,
          -0.6644078493118286,
          40.33029556274414
        ],
        [
          0.0,
          0.0,
          0.0,
          1.0
        ]
      ]
    },
    {
      "index": 21,
      "eye": [
        27.570024490356445,
        -1.4344239234924316,
        29.64811897277832
      ],
      "center": [
        24.010360717773438,
        -1.4344239234924316,
        26.484493255615234
      ],
      "view": [
        [
          0.6643028855323792,
          0.0,
          -0.7474635243415833,
          3.846040725708008
        ],
        [
          0.0,
          1.0,
          0.0,
          1.4344239234924316
        ],
        [
          -0.7474635243415833,
          0.0,
          -0.6643028855323792,
          40.30291748046875
        ],
        [
          0.0,
          0.0,
          0.0,
          1.0
        ]
      ]
    },
    {
      "index": 22,
      "eye": [
        27.550201416015625,
        -1.4344239234924316,
        29.63094711303711
      ],
      "center": [
        23.989879608154297,
        -1.4344239234924316,
        26.467731475830078
      ],
      "view": [
        [
          0.6641861796379089,
          0.0,
          -0.7475672960281372,
          3.852663040161133
        ],
        [
          0.0,
          1.0000001192092896,
          0.0,
          1.4344240427017212
        ],
        [
          -0.7475672960281372,
          0.0,
          -0.6641861796379089,
          40.276092529296875
        ],
        [
          0.0,
          0.0,
          0.0,
          1.0
        ]
      ]
    },
    {
      "index": 23,
      "eye": [
        27.530378341674805,
        -1.4344239234924316,
        29.613719940185547
      ],
      "center": [
        23.969377517700195,
        -1.4344239234924316,
        26.45098304748535
      ],
      "view": [
        [
          0.6640591621398926,
          0.0,
          -0.7476800680160522,
          3.8597888946533203
        ],
        [
          0.0,
          1.0,
          0.0,
          1.4344239234924316
        ],
        [
          -0.7476800680160522,
          0.0,
          -0.6640591621398926,
          40.249176025390625
        ],
        [
          0.0,
          0.0,
          0.0,
          1.0
        ]
      ]
    },
    {
      "index": 24,
      "eye": [
        27.51038360595703,
        -1.4344239234924316,
        29.596288681030273
      ],
      "center": [
        23.948856353759766,
        -1.4344239234924316,
        26.434246063232422
      ],
      "view": [
        [
          0.6639227867126465,
          0.0,
          -0.7478011250495911,
          3.8673667907714844
        ],
        [
          0.0,
          1.0,
          0.0,
          1.4344239234924316
        ],
        [
          -0.7478011250495911,
          0.0,
          -0.6639227867126465,
          40.221946716308594
        ],
        [
          0.0,
          0.0,
          0.0,
          1.0
        ]
      ]
    },
    {
      "index": 25,
      "eye": [
        27.490219116210938,
        -1.4344239234924316,
        29.57866096496582
      ],
      "center": [
        23.928316116333008,
        -1.4344239234924316,
        26.417524337768555
      ],
      "view": [
        [
          0.663777232170105,
          0.0,
          -0.7479303479194641,
          3.875396728515625
        ],
        [
          0.0,
          1.0,
          0.0,
          1.4344239234924316
        ],
        [
          -0.7479303479194641,
          0.0,
          -0.663777232170105,
          40.19441223144531
        ],
        [
          0.0,
          0.0,
          0.0,
          1.0
        ]
      ]
    },
    {
      "index": 26,
      "eye": [
        27.47038459777832,
        -1.4344239234924316,
        29.56127166748047
      ],
      "center": [
        23.90778350830078,
        -1.4344239234924316,
        26.400836944580078
      ],
      "view": [
        [
          0.6636219620704651,
          0.0,
          -0.74806809425354,
          3.8838939666748047
        ],
        [
          0.0,
          1.0,
          0.0,
          1.4344239234924316
        ],
        [
          -0.74806809425354,
          0.0,
          -0.6636219620704651,
          40.16722869873047
        ],
        [
          0.0,
          0.0,
          0.0,
          1.0
        ]
      ]
    },
    {
      "index": 27,
      "eye": [
        27.4506893157959,
        -1.4344239234924316,
        29.54395866394043
      ],
      "center": [
        23.887237548828125,
        -1.4344239234924316,
        26.384166717529297
      ],
      "view": [
        [
          0.6634578108787537,
          0.0,
          -0.7482137680053711,
          3.892822265625
        ],
        [
          0.0,
          1.0,
          0.0,
          1.4344239234924316
        ],
        [
          -0.7482137084007263,
          0.0,
          -0.6634577512741089,
          40.14015197753906
        ],
        [
          0.0,
          0.0,
          0.0,
          1.0
        ]
      ]
    },
    {
      "index": 28,
      "eye": [
        27.430837631225586,
        -1.4344239234924316,
        29.52646255493164
      ],
      "center": [
        23.866670608520508,
        -1.4344239234924316,
        26.367511749267578
      ],
      "view": [
        [
          0.6632843613624573,
          0.0,
          -0.7483675479888916,
          3.902200698852539
        ],
        [
          0.0,
          1.0,
          0.0,
          1.4344239234924316
        ],
        [
          -0.7483674883842468,
          0.0,
          -0.6632843017578125,
          40.11278533935547
        ],
        [
          0.0,
          0.0,
          0.0,
          1.0
        ]
      ]
    },
    {
      "index": 29,
      "eye": [
        27.41083335876465,
        -1.4344239234924316,
        29.5087947845459
      ],
      "center": [
        23.846086502075195,
        -1.4344239234924316,
        26.350872039794922
      ],
      "view": [
        [
          0.6631029844284058,
          0.0,
          -0.7485281825065613,
          3.9119606018066406
        ],
        [
          0.0,
          1.0,
          0.0,
          1.4344239234924316
        ],
        [
          -0.7485281825065613,
          0.0,
          -0.6631029844284058,
          40.08515167236328
        ],
        [
          0.0,
          0.0,
          0.0,
          1.0
        ]
      ]
    },
    {
      "index": 30,
      "eye": [
        27.390886306762695,
        -1.4344239234924316,
        29.491132736206055
      ],
      "center": [
        23.825485229492188,
        -1.4344239234924316,
        26.33424949645996
      ],
      "view": [
        [
          0.6629124879837036,
          0.0,
          -0.7486969828605652,
          3.922161102294922
        ],
        [
          0.0,
          1.0,
          0.0,
          1.4344239234924316
        ],
        [
          -0.7486969232559204,
          0.0,
          -0.6629124283790588,
          40.05751037597656
        ],
        [
          0.0,
          0.0,
          0.0,
          1.0
        ]
      ]
    },
    {
      "index": 31,
      "eye": [
        27.371318817138672,
        -1.4344239234924316,
        29.473770141601562
      ],
      "center": [
        23.804866790771484,
        -1.4344239234924316,
        26.317642211914062
      ],
      "view": [
        [
          0.6627140045166016,
          0.0,
          -0.7488725781440735,
          3.932741165161133
        ],
        [
          0.0,
          1.0,
          0.0,
          1.4344239234924316
        ],
        [
          -0.7488725781440735,
          0.0,
          -0.6627140045166016,
          40.030311584472656
        ],
        [
          0.0,
          0.0,
          0.0,
          1.0
        ]
      ]
    },
    {
      "index": 32,
      "eye": [
        27.35161018371582,
        -1.4344239234924316,
        29.45625114440918
      ],
      "center": [
        23.784231185913086,
        -1.4344239234924316,
        26.30105209350586
      ],
      "view": [
        [
          0.6625080108642578,
          0.0,
          -0.7490548491477966,
          3.9436874389648438
        ],
        [
          0.0,
          1.0,
          0.0,
          1.4344239234924316
        ],
        [
          -0.7490548491477966,
          0.0,
          -0.6625080108642578,
          40.00286102294922
        ],
        [
          0.0,
          0.0,
          0.0,
          1.0
        ]
      ]
    },
    {
      "index": 33,
      "eye": [
        27.331764221191406,
        -1.4344239234924316,
        29.438566207885742
      ],
      "center": [
        23.763591766357422,
        -1.4344239234924316,
        26.284486770629883
      ],
      "view": [
        [
          0.6622933745384216,
          0.0,
          -0.7492445707321167,
          3.9550399780273438
        ],
        [
          0.0,
          1.0,
          0.0,
          1.4344239234924316
        ],
        [
          -0.7492445707321167,
          0.0,
          -0.6622933745384216,
          39.97514343261719
        ],
        [
          0.0,
          0.0,
          0.0,
          1.0
        ]
      ]
    },
    {
      "index": 34,
      "eye": [
        27.311777114868164,
        -1.4344239234924316,
        29.420730590820312
      ],
      "center": [
        23.742935180664062,
        -1.4344239234924316,
        26.2679443359375
      ],
      "view": [
        [
          0.662071168422699,
          0.0,
          -0.7494410276412964,
          3.9667625427246094
        ],
        [
          0.0,
          1.0,
          0.0,
          1.4344239234924316
        ],
        [
          -0.7494409680366516,
          0.0,
          -0.6620711088180542,
          39.947181701660156
        ],
        [
          0.0,
          0.0,
          0.0,
          1.0
        ]
      ]
    },
    {
      "index": 35,
      "eye": [
        27.29218864440918,
        -1.4344239234924316,
        29.403215408325195
      ],
      "center": [
        23.722261428833008,
        -1.4344239234924316,
        26.251415252685547
      ],
      "view": [
        [
          0.6618417501449585,
          0.0,
          -0.7496435642242432,
          3.97882080078125
        ],
        [
          0.0,
          1.0,
          0.0,
          1.4344239234924316
        ],
        [
          -0.7496435642242432,
          0.0,
          -0.6618417501449585,
          39.9196891784668
        ],
        [
          0.0,
          0.0,
          0.0,
          1.0
        ]
      ]
    },
    {
      "index": 36,
      "eye": [
        27.272619247436523,
        -1.4344239234924316,
        29.38568878173828
      ],
      "center": [
        23.70157241821289,
        -1.4344239234924316,
        26.234905242919922
      ],
      "view": [
        [
          0.6616051197052002,
          0.0,
          -0.7498524785041809,
          3.9912261962890625
        ],
        [
          0.0,
          1.0,
          0.0,
          1.4344239234924316
        ],
        [
          -0.7498524188995361,
          0.0,
          -0.6616050601005554,
          39.89215850830078
        ],
        [
          0.0,
          0.0,
          0.0,
          1.0
        ]
      ]
    },
    {
      "index": 37,
      "eye": [
        27.252925872802734,
        -1.4344239234924316,
        29.36802101135254
      ],
      "center": [
        23.680866241455078,
        -1.4344239234924316,
        26.21841812133789
      ],
      "view": [
        [
          0.6613602042198181,
          0.0,
          -0.7500685453414917,
          4.0040283203125
        ],
        [
          0.0,
          1.0000001192092896,
          0.0,
          1.4344240427017212
        ],
        [
          -0.7500685453414917,
          0.0,
          -0.6613602042198181,
          39.864402770996094
        ],
        [
          0.0,
          0.0,
          0.0,
          1.0
        ]
      ]
    },
    {
      "index": 38,
      "eye": [
        27.233104705810547,
        -1.4344239234924316,
        29.350208282470703
      ],
      "center": [
        23.66014862060547,
        -1.4344239234924316,
        26.201946258544922
      ],
      "view": [
        [
          0.6611083745956421,
          0.0,
          -0.7502905130386353,
          4.017148971557617
        ],
        [
          0.0,
          1.0000001192092896,
          0.0,
          1.4344240427017212
        ],
        [
          -0.7502905130386353,
          0.0,
          -0.6611083745956421,
          39.83641052246094
        ],
        [
          0.0,
          0.0,
          0.0,
          1.0
        ]
      ]
    },
    {
      "index": 39,
      "eye": [
        27.213232040405273,
        -1.4344239234924316,
        29.332326889038086
      ],
      "center": [
        23.6394100189209,
        -1.4344239234924316,
        26.185495376586914
      ],
      "view": [
        [
          0.6608489751815796,
          0.0,
          -0.7505189180374146,
          4.030628204345703
        ],
        [
          0.0,
          1.0,
          0.0,
          1.4344239234924316
        ],
        [
          -0.7505189180374146,
          0.0,
          -0.6608489751815796,
          39.80828094482422
        ],
        [
          0.0,
          0.0,
          0.0,
          1.0
        ]
      ]
    },
    {
      "index": 40,
      "eye": [
        27.193796157836914,
        -1.4344239234924316,
        29.3148136138916
      ],
      "center": [
        23.618654251098633,
        -1.4344239234924316,
        26.1690616607666
      ],
      "view": [
        [
          0.6605837941169739,
          0.0,
          -0.7507523894309998,
          4.04438591003418
        ],
        [
          0.0,
          1.0000001192092896,
          0.0,
          1.4344240427017212
        ],
        [
          -0.7507523894309998,
          0.0,
          -0.6605837941169739,
          39.78070068359375
        ],
        [
          0.0,
          0.0,
          0.0,
          1.0
        ]
      ]
    },
    {
      "index": 41,
      "eye": [
        27.174245834350586,
        -1.4344239234924316,
        29.29717254638672
      ],
      "center": [
        23.597885131835938,
        -1.4344239234924316,
        26.152650833129883
      ],
      "view": [
        [
          0.660311222076416,
          0.0,
          -0.7509921193122864,
          4.0584869384765625
        ],
        [
          0.0,
          1.0,
          0.0,
          1.4344239234924316
        ],
        [
          -0.7509921193122864,
          0.0,
          -0.660311222076416,
          39.75289535522461
        ],
        [
          0.0,
          0.0,
          0.0,
          1.0
        ]
      ]
    },
    {
      "index": 42,
      "eye": [
        27.154579162597656,
        -1.4344239234924316,
        29.27940559387207
      ],
      "center": [
        23.577102661132812,
        -1.4344239234924316,
        26.136259078979492
      ],
      "view": [
        [
          0.6600320935249329,
          0.0,
          -0.7512374520301819,
          4.072893142700195
        ],
        [
          0.0,
          1.0,
          0.0,
          1.4344239234924316
        ],
        [
          -0.7512374520301819,
          0.0,
          -0.6600320935249329,
          39.724884033203125
        ],
        [
          0.0,
          0.0,
          0.0,
          1.0
        ]
      ]
    },
    {
      "index": 43,
      "eye": [
        27.134796142578125,
        -1.4344239234924316,
        29.261510848999023
      ],
      "center": [
        23.55630111694336,
        -1.4344239234924316,
        26.119890213012695
      ],
      "view": [
        [
          0.6597451567649841,
          0.0,
          -0.7514894604682922,
          4.087667465209961
        ],
        [
          0.0,
          1.0,
          0.0,
          1.4344239234924316
        ],
        [
          -0.7514894008636475,
          0.0,
          -0.6597450971603394,
          39.69664764404297
        ],
        [
          0.0,
          0.0,
          0.0,
          1.0
        ]
      ]
    },
    {
      "index": 44,
      "eye": [
        27.11507797241211,
        -1.4344239234924316,
        29.243654251098633
      ],
      "center": [
        23.535486221313477,
        -1.4344239234924316,
        26.10354232788086
      ],
      "view": [
        [
          0.659451961517334,
          0.0,
          -0.7517467141151428,
          4.102729797363281
        ],
        [
          0.0,
          1.0,
          0.0,
          1.4344239234924316
        ],
        [
          -0.7517467141151428,
          0.0,
          -0.659451961517334,
          39.66845703125
        ],
        [
          0.0,
          0.0,
          0.0,
          1.0
        ]
      ]
    },
    {
      "index": 45,
      "eye": [
        27.09566307067871,
        -1.4344239234924316,
        29.226051330566406
      ],
      "center": [
        23.51466178894043,
        -1.4344239234924316,
        26.087215423583984
      ],
      "view": [
        [
          0.6591537594795227,
          0.0,
          -0.7520082592964172,
          4.118022918701172
        ],
        [
          0.0,
          1.0000001192092896,
          0.0,
          1.4344240427017212
        ],
        [
          -0.7520082592964172,
          0.0,
          -0.6591537594795227,
          39.640625
        ],
        [
          0.0,
          0.0,
          0.0,
          1.0
        ]
      ]
    },
    {
      "index": 46,
      "eye": [
        27.076139450073242,
        -1.4344239234924316,
        29.208335876464844
      ],
      "center": [
        23.49381446838379,
        -1.4344239234924316,
        26.070911407470703
      ],
      "view": [
        [
          0.6588482856750488,
          0.0,
          -0.752275824546814,
          4.133657455444336
        ],
        [
          0.0,
          1.0,
          0.0,
          1.4344239234924316
        ],
        [
          -0.752275824546814,
          0.0,
          -0.6588482856750488,
          39.612586975097656
        ],
        [
          0.0,
          0.0,
          0.0,
          1.0
        ]
      ]
    },
    {
      "index": 47,
      "eye": [
        27.0565128326416,
        -1.4344239234924316,
        29.19050407409668
      ],
      "center": [
        23.472942352294922,
        -1.4344239234924316,
        26.05461883544922
      ],
      "view": [
        [
          0.6585356593132019,
          0.0,
          -0.7525495290756226,
          4.149621963500977
        ],
        [
          0.0,
          1.0,
          0.0,
          1.4344239234924316
        ],
        [
          -0.7525495290756226,
          0.0,
          -0.6585356593132019,
          39.584354400634766
        ],
        [
          0.0,
          0.0,
          0.0,
          1.0
        ]
      ]
    },
    {
      "index": 48,
      "eye": [
        27.03677749633789,
        -1.4344239234924316,
        29.17255973815918
      ],
      "center": [
        23.452054977416992,
        -1.4344239234924316,
        26.038347244262695
      ],
      "view": [
        [
          0.6582167744636536,
          0.0,
          -0.7528284788131714,
          4.165872573852539
        ],
        [
          0.0,
          0.9999999403953552,
          0.0,
          1.434423804283142
        ],
        [
          -0.7528284192085266,
          0.0,
          -0.6582167148590088,
          39.55592346191406
        ],
        [
          0.0,
          0.0,
          0.0,
          1.0
        ]
      ]
    },
    {
      "index": 49,
      "eye": [
        27.01712417602539,
        -1.4344239234924316,
        29.154672622680664
      ],
      "center": [
        23.431156158447266,
        -1.4344239234924316,
        26.02210235595703
      ],
      "view": [
        [
          0.6578916311264038,
          0.0,
          -0.7531126141548157,
          4.182411193847656
        ],
        [
          0.0,
          1.0,
          0.0,
          1.4344239234924316
        ],
        [
          -0.7531126141548157,
          0.0,
          -0.6578916311264038,
          39.527549743652344
        ],
        [
          0.0,
          0.0,
          0.0,
          1.0
        ]
      ]
    },
    {
      "index": 50,
      "eye": [
        26.997737884521484,
        -1.4344239234924316,
        29.13701629638672
      ],
      "center": [
        23.41023826599121,
        -1.4344239234924316,
        26.005882263183594
      ],
      "view": [
        [
          0.6575611233711243,
          0.0,
          -0.7534012794494629,
          4.1992034912109375
        ],
        [
          0.0,
          1.0000001192092896,
          0.0,
          1.4344240427017212
        ],
        [
          -0.7534012794494629,
          0.0,
          -0.6575611233711243,
          39.49949645996094
        ],
        [
          0.0,
          0.0,
          0.0,
          1.0
        ]
      ]
    },
    {
      "index": 51,
      "eye": [
        26.978248596191406,
        -1.4344239234924316,
        29.119253158569336
      ],
      "center": [
        23.389314651489258,
        -1.4344239234924316,
        25.989683151245117
      ],
      "view": [
        [
          0.6572253704071045,
          0.0,
          -0.7536941170692444,
          4.216220855712891
        ],
        [
          0.0,
          1.0,
          0.0,
          1.4344239234924316
        ],
        [
          -0.7536941170692444,
          0.0,
          -0.6572253704071045,
          39.47126007080078
        ],
        [
          0.0,
          0.0,
          0.0,
          1.0
        ]
      ]
    },
    {
      "index": 52,
      "eye": [
        26.958663940429688,
        -1.4344239234924316,
        29.10138702392578
      ],
      "center": [
        23.368371963500977,
        -1.4344239234924316,
        25.973514556884766
      ],
      "view": [
        [
          0.6568815112113953,
          0.0,
          -0.753993809223175,
          4.233617782592773
        ],
        [
          0.0,
          1.0,
          0.0,
          1.4344239234924316
        ],
        [
          -0.753993809223175,
          0.0,
          -0.6568815112113953,
          39.44282913208008
        ],
        [
          0.0,
          0.0,
          0.0,
          1.0
        ]
      ]
    },
    {
      "index": 53,
      "eye": [
        26.938982009887695,
        -1.4344239234924316,
        29.083419799804688
      ],
      "center": [
        23.347412109375,
        -1.4344239234924316,
        25.957361221313477
      ],
      "view": [
        [
          0.6565319299697876,
          0.0,
          -0.754298210144043,
          4.25126838684082
        ],
        [
          0.0,
          1.0,
          0.0,
          1.4344239234924316
        ],
        [
          -0.754298210144043,
          0.0,
          -0.6565319299697876,
          39.414222717285156
        ],
        [
          0.0,
          0.0,
          0.0,
          1.0
        ]
      ]
    },
    {
      "index": 54,
      "eye": [
        26.91932487487793,
        -1.4344239234924316,
        29.065460205078125
      ],
      "center": [
        23.326414108276367,
        -1.4344239234924316,
        25.94121551513672
      ],
      "view": [
        [
          0.6561756730079651,
          0.0,
          -0.7546082139015198,
          4.269227981567383
        ],
        [
          0.0,
          1.0,
          0.0,
          1.4344239234924316
        ],
        [
          -0.754608154296875,
          0.0,
          -0.6561756134033203,
          39.385589599609375
        ],
        [
          0.0,
          0.0,
          0.0,
          1.0
        ]
      ]
    },
    {
      "index": 55,
      "eye": [
        26.899967193603516,
        -1.4344239234924316,
        29.04776954650879
      ],
      "center": [
        23.305404663085938,
        -1.4344239234924316,
        25.925098419189453
      ],
      "view": [
        [
          0.6558156609535217,
          0.0,
          -0.7549211382865906,
          4.287355422973633
        ],
        [
          0.0,
          1.0000001192092896,
          0.0,
          1.4344240427017212
        ],
        [
          -0.7549211382865906,
          0.0,
          -0.6558156609535217,
          39.357337951660156
        ],
        [
          0.0,
          0.0,
          0.0,
          1.0
        ]
      ]
    },
    {
      "index": 56,
      "eye": [
        26.880521774291992,
        -1.4344239234924316,
        29.029983520507812
      ],
      "center": [
        23.28438377380371,
        -1.4344239234924316,
        25.909008026123047
      ],
      "view": [
        [
          0.655448853969574,
          0.0,
          -0.7552396655082703,
          4.305788040161133
        ],
        [
          0.0,
          1.0000001192092896,
          0.0,
          1.4344240427017212
        ],
        [
          -0.7552396655082703,
          0.0,
